5.812177159070528454e-01
-5.631038902643619171e-01
-2.297961134102685099e-01
-1.305650981980400305e+00
-6.192570352470680994e-01
-7.959595566568223868e-01
1.260813428362182131e+00
9.950135488465352562e-01
3.244697526308046309e-01
1.169312956054383568e+00
7.214938166355651106e-01
1.378575283919263560e-02
7.285292178618946179e-01
1.017173902354270520e+00
8.949598812578561935e-01
1.573995963939561982e+00
1.023130847154017697e+00
-5.922800870470094070e-01
-1.448139718030665435e+00
-1.027760751839317671e-01
-9.672134662745913714e-01
-4.564043640958240222e-01
-1.128085264392134190e+00
3.379290833231520352e+00
-3.632262792812763763e-01
-2.181863464429156352e+00
-1.050582199181787635e+00
-8.029788336489519507e-01
1.247214563537408782e+00
-1.519001659939953397e+00
-2.408961840900823770e+00
-2.257856867986111904e-01
-1.336484035695540529e+00
7.151480806582108940e-01
3.475160519486708122e+00
1.337277918075227001e-01
-1.429825092207513082e+00
4.237954094888153334e-01
-1.253460975411136102e+00
1.053529921552309512e+00
8.448141658087725547e-01
-1.267684699545532645e+00
3.646487219321420947e-01
5.689199014479359162e-01
3.820017609217502552e-01
-4.034923295213753702e-01
-8.809652228659466955e-01
8.345259292876804347e-01
1.574539830333968382e+00
-1.037478724871930547e-01
8.247647027266723496e-01
7.048836766213731897e-01
2.521760753094784979e-01
6.842139207943974677e-01
3.884805728765138300e-01
8.024370585979722081e-01
-1.688862973313109084e+00
-5.334296125887861839e-01
-1.053376445983944310e+00
3.827740927024097517e-01
-3.635317386447827759e-01
-1.137994939024628449e+00
-1.422524506929205623e+00
-4.673023914047296778e-01
1.022476439064405218e+00
-5.929662645474637062e-01
2.703776339257577099e+00
1.648093631869787412e+00
2.078802144472339464e+00
-2.727059252662474287e-01
-9.372123889531508781e-03
-3.768447190228362831e-01
3.837451857466617766e-01
-5.488510606889261956e-01
8.613814793622760480e-01
7.877665130679957217e-01
1.530756072411790125e+00
1.014442917644423847e+00
-2.663573397743909110e-01
-8.067775579014743181e-01
-8.613188204700501505e-01
1.381320758128527781e-01
4.608714006521597017e-02
1.559656882792887611e+00
-2.680354568097352286e-01
9.186204718638826261e-01
7.452577463324542295e-01
6.179288666373130949e-03
1.135202449719532103e+00
-1.229244470804317313e+00
1.938366246841956686e+00
1.417561530213042209e+00
6.347712806938246022e-01
7.353262639311393123e-01
7.426538427359478112e-01
-4.411263292141567871e-01
-9.575425753248171246e-01
6.416765424400351359e-01
-6.758329393504840521e-01
-1.727556402013469716e+00
